808    808
97     97 
370    370
    710    988
988    685
685    663
663    273
273    16 
16     251
251    964
964    658
658    171
171    714
714    543
543    372
372    941
941    113
113    853
853    733
733    470
470    508
508    170
170    389
389    544
544    208
208    98 
98     617
617    884
884    591
591    210
210    874
874    129
129    992
992    170
170    140
140    753
753    918
918    467
467    989
989    979
979    907
907    276
276    931
931    618
618    700
700    801
801    594
594    493
493    981
981    173
173    251
251    629
629    970
970    136
136    388
388    721
721    911
911    766
766    541
541    234
234    614
614    217
217    885
885    680
680    742
742    84 
84     377
377    81 
81     937
937    155
155    648
648    401
401    493
493    1  
1      533
533    399
399    861
861    951
951    709
709    331
331    876
876    289
289    107
107    452
452    594
594    888
888    431
431    660
660    79 
79     275
275    876
876    978
978    594
594    400
400    39 
39     925
925    599
599    60 
60     177
177    708
708    661
661    294
294    288
288    793
793    867
867    482
482    479
479    769
769    73 
73     617
617    855
855    605
605    783
783    91 
91     847
847    672
672    303
303    967
967    453
453    884
884    208
208    949
949    986
986    249
249    352
352    818
818    596
596    56 
56     88 
88     569
569    975
975    638
638    619
619    462
462    500
500    205
205    228
228    508
508    845
845    683
683    365
365    197
197    672
672    841
841    214
214    847
847    912
912    24 
24     349
349    257
257    152
152    447
447    714
714    287
287    360
360    334
334    167
167    554
554    246
246    295
295    396
396    24 
24     92 
92     220
220    930
930    414
414    711
711    117
117    146
146    548
548    21 
21     820
820    404
404    139
139    578
578    204
204    226
226    663
663    555
555    992
992    502
502    49 
49     366
366    677
677    958
958    350
350    44 
44     694
694    449
449    39 
39     786
786    140
140    477
477    815
815    815
815    521
521    103
103    828
828    781
781    464
464    276
276    646
646    665
665    955
955    759
759    934
934    15 
15     193
193    808
808    347
347    963
963    810
810    360
360    638
638    751
751    812
812    573
573    85 
85     892
892    220
220    714
714    80 
80     162
162    214
214    39 
39     265
265    51 
51     285
285    586
586    142
948    736
142    507
736    636
507    797
636    273
797    567
273    978
567    334
978    382
334    68 
382    130
68     250
130    486
250    813
486    505
813    61 
505    140
61     435
140    691
435    852
691    571
852    408
571    80 
408    109
80     24 
109    402
24     162
402    285
162    672
285    552
672    492
552    3  
492    620
3      391
620    179
391    159
179    390
159    355
390    481
355    210
481    99 
210    41 
99     52 
41     12 
52     808
12     810
808    897
810    663
897    280
663    57 
280    476
57     208
476    905
208    296
905    298
296    119
298    172
119    622
172    637
622    342
637    679
342    111
679    968
111    104
968    478
104    658
478    718
658    136
718    503
136    899
503    889
899    498
889    691
498    341
691    36 
341    549
36     386
549    437
386    662
437    848
662    936
848    358
936    707
358    535
707    639
535    798
639    67 
798    137
67     716
137    313
716    247
313    371
247    433
371    677
433    605
677    267
605    1  
267    930
1      478
930    565
478    869
565    372
869    228
372    794
228    74 
794    833
74     839
833    916
839    84 
916    451
84     541
451    468
541    684
468    18 
684    759
18     499
759    124
499    426
124    882
426    68 
882    614
68     509
614    956
509    308
956    36 
308    480
36     917
480    32 
917    363
32     441
363    418
441    279
418    139
279    944
139    412
944    920
412    585
920    526
585    931
526    346
931    807
346    626
807    924
626    628
924    33 
628    908
33     766
908    336
766    446
336    191
446    249
191    264
249    35 
264    791
35     126
791    957
126    71 
957    768
71     144
768    36 
144    216
36     730
216    201
730    581
201    715
581    598
715    949
598    189
949    981
189    524
981    440
524    847
440    967
847    999
967    6  
999    604
6      189
604    626
189    774
626    159
774    647
159    168
647    329
168    747
329    245
747    495
245    57 
495    841
57     351
841    517
351    297
517    343
297    599
343    360
599    885
360    9  
885    392
9      93 
392    336
93     321
336    86 
321    469
86     999
469    796
999    899
796    250
899    247
250    696
247    615
696    300
615    402
300    501
402    77 
501    271
77     146
271    170
146    991
170    782
991    128
782    161
128    648
161    123
648    901
123    134
901    287
134    513
287    644
513    999
644    620
999    541
620    379
541    488
379    18 
488    208
18     931
208    338
931    143
338    19 
143    938
19     626
938    268
626    418
268    841
418    820
841    395
820    723
395    834
723    162
834    667
162    84 
667    803
84     804
803    399
804    172
399    530
172    596
530    287
596    852
287    623
852    17 
623    488
17     758
488    607
758    53 
607    105
53     683
105    860
683    244
860    333
244    197
333    334
197    954
334    686
954    464
686    544
464    139
544    993
139    677
993    391
677    357
391    952
357    831
952    94 
831    600
94     121
600    183
121    18 
183    686
18     665
686    823
665    575
823    68 
575    800
68     692
800    254
692    819
254    17 
819    815
17     602
815    186
602    562
186    93 
562    11 
93     948
11     912
948    328
912    243
328    280
243    548
280    897
548    100
897    504
100    605
504    889
605    141
889    378
141    730
378    899
730    480
899    375
480    444
375    47 
444    63 
47     828
63     468
828    607
468    23 
607    383
23     522
383    433
522    360
433    372
360    975
372    428
975    592
428    258
592    114
258    431
114    658
431    560
658    163
560    16 
163    329
16     315
329    973
315    333
973    782
333    18 
782    58 
18     533
58     327
533    563
327    595
563    913
595    671
913    937
671    787
937    975
787    676
975    401
676    713
247    757
401    873
713    47 
757    465
873    440
47     588
465    859
440    665
588    133
859    196
665    907
133    348
196    162
907    163
348    170
162    222
163    804
170    784
222    742
804    239
784    338
742    27 
239    437
338    543
27     582
437    343
543    560
582    852
343    636
560    900
852    17 
636    948
900    597
17     922
948    682
597    255
922    35 
682    211
255    686
35     984
211    78 
686    896
984    13 
78     278
896    876
13     835
278    630
876    82 
835    851
630    905
82     281
851    746
905    215
281    877
746    845
215    471
877    757
845    625
471    924
757    878
625    912
924    538
878    871
912    954
538    712
871    977
954    762
712    236
977    527
762    674
236    811
527    228
674    5  
811    739
228    483
5      470
739    707
483    363
470    525
707    463
363    537
525    460
463    947
537    130
460    757
947    96 
130    529
757    466
96     65 
529    648
466    968
65     479
648    630
968    598
479    952
630    793
598    514
952    311
793    124
514    975
311    399
124    814
975    663
399    381
814    284
663    367
381    198
284    992
367    716
198    529
992    96 
716    729
529    329
96     688
729    322
329    79 
688    335
322    997
79     488
335    632
997    387
488    225
632    491
387    391
225    861
491    527
391    778
861    165
527    187
778    916
165    873
187    627
916    736
873    376
627    845
736    171
376    292
845    750
171    407
292    403
750    342
407    897
403    400
342    910
897    350
400    40 
910    66 
350    494
40     255
66     653
494    866
255    942
653    52 
866    827
942    296
52     401
827    892
296    164
401    485
892    930
164    944
485    308
930    763
944    62 
308    113
763    580
62     50 
113    934
580    705
50     999
934    541
705    847
999    950
541    131
847    209
950    404
131    276
209    242
404    723
276    652
242    313
723    606
652    550
313    2  
606    899
550    235
2      112
899    704
235    337
112    837
704    83 
337    993
837    416
83     580
993    535
416    204
580    93 
535    723
204    168
93     753
723    593
168    504
753    488
593    458
504    872
488    85 
458    911
872    880
85     315
911    872
880    494
315    349
872    466
494    428
349    40 
466    939
428    648
40     227
939    924
648    918
227    902
924    269
918    834
902    87 
269    826
834    919
87     118
826    817
919    109
118    933
817    643
109    949
933    883
643    111
949    710
883    464
111    943
710    842
464    305
943    469
842    289
305    974
469    407
289    168
974    647
407    498
168    848
647    99 
498    176
848    120
99     469
176    997
120    274
469    477
997    417
274    964
477    291
417    2  
964    29 
291    272
2      465
29     819
272    718
465    265
819    298
718    747
265    745
298    460
747    741
745    762
460    275
741    491
762    735
275    34 
491    841
735    593
34     298
841    225
593    943
298    23 
225    702
943    601
23     616
702    889
601    695
616    750
889    637
695    780
750    726
637    233
780    453
726    828
233    152
453    790
828    445
152    681
790    719
445    964
681    426
719    456
964    
426    
456    
